138.566315 161.057617 172.270279 106.712082
53.914532 197.125809 92.493866 132.012131
738.263550 199.818008 721.926636 224.388687
35.794640 217.608353 75.731842 151.049805
391.594879 222.221359 413.250854 204.038300
421.659271 223.221573 439.093292 208.885040
386.706024 236.362579 407.629120 217.355530
226.960632 244.816711 257.406799 204.601151
399.979675 245.834900 419.840912 228.143646
462.154114 250.111969 477.686493 241.022766
274.958832 256.725983 302.863678 223.101761
423.692139 263.120880 441.859680 248.911819
329.567596 268.404907 355.246368 241.411987
469.110840 270.200043 482.560791 261.526062
407.742096 276.137085 427.600250 259.575043
262.627930 277.089752 291.146149 242.075836
438.879059 283.102936 455.554688 270.537903
420.784180 291.617828 440.067780 277.926086
369.600464 303.289825 392.050659 282.266449
284.064697 303.566925 311.970093 271.749115
442.152069 311.080963 459.545380 299.365723
279.577087 313.029480 308.097900 280.733459
357.829102 313.282928 382.032379 290.459137
313.526855 325.992249 340.367920 297.151398
407.727783 325.889771 428.771240 309.902985
311.861847 333.771851 338.486206 305.201599
296.308441 347.240753 324.326935 317.060577
312.867279 351.770142 340.543243 323.329681
792.527222 353.866669 769.149292 381.159546
288.225952 355.933289 316.497314 324.736908
565.500793 370.631592 569.921509 371.863800
313.508606 372.929138 341.510529 344.796906
567.333984 380.641205 571.087830 381.909271
814.211609 385.933685 786.884399 414.240662
78.184975 386.899628 119.756683 330.735809
104.651436 394.689240 144.786163 341.600342
577.677856 412.548157 580.310181 413.664032
22.001312 436.699738 67.201027 374.985016
303.334442 618.385681 333.719177 585.865479
187.156113 654.433716 226.078674 609.844788
238.957535 661.243286 274.498718 621.735962
436.980988 672.406799 456.865936 651.462891
17.243729 690.337219 67.207413 629.660889
305.450623 690.240662 335.445038 656.053467
252.035690 713.250000 288.799835 673.813721
642.011963 723.049866 635.687988 717.171021
394.901733 730.884766 417.110596 704.786926
365.900055 740.809753 390.464233 711.223022
347.595490 747.118408 375.955719 716.205322
699.315857 758.968079 684.240723 754.886536
105.118309 791.754333 150.900330 737.605225
489.302979 797.125183 503.499176 773.857483
816.895752 802.511414 783.449219 804.228027
97.193733 851.332825 144.682602 795.586914
84.622383 883.621826 133.196411 826.438477
31.727510 960.032288 85.808891 897.038269
62.153168 965.027344 113.793800 903.891602
143.167953 1000.360962 191.150528 943.364929
140.922104 1024.954102 188.923538 967.398865
17.206478 1054.161865 73.855247 987.129028
59.025173 1056.728516 112.964050 991.584229
38.444607 1063.914429 93.624001 997.782959
94.596611 1064.446899 147.063812 1002.380920
140.880035 1066.011719 190.313126 1005.701538
68.510826 1067.707520 121.207321 1003.962219
71.501961 1076.131714 124.136147 1011.556396
72.429161 1099.460571 125.717743 1033.410278
13.578987 1119.433716 71.353630 1049.740601
40.642860 1121.423950 97.087471 1052.885132
11.260240 1143.187988 70.405716 1071.625610
83.525627 1158.263794 136.659363 1090.730591
63.159031 1163.605957 118.761162 1093.035156
7.272722 1179.326172 67.637817 1105.354858
64.449310 1202.407837 120.183014 1130.514404
51.348309 1214.727417 108.698013 1141.131470
78.900925 1236.942993 134.168381 1163.444458
53.223984 1247.098877 111.518425 1171.927612
28.104830 1247.684937 88.380623 1170.766357
